0.76298076
0.39439115
-0.21531995
0.472961
0.73192537
0.057138953
-0.06245259
-0.5280386
0.69171524
-0.045048326
-0.23014992
0.18338718
0.4554155
-0.3233964
0.5180503
-0.36374593
0.027413564
0.8565005
-0.060359847
-0.06666794
-0.45702857
-1.216409
-0.13675478
0.022185938
-0.67762214
0.3224928
-0.9314239
1.0880228
-0.45068642
0.5456221
-0.7891712
0.21849912
0.19717889
-0.6366944
0.07302444
0.38094556
0.00902225
0.23672728
-0.004150825
0.009225943
-0.14297071
-0.14350164
-0.015262192
0.98522717
0.12562507
1.3050749
-2.2323499
0.3580931
0.24319491
0.9427562
0.547854
-1.3467155
-0.42246673
-0.24059948
-0.20503585
0.14907579
0.7256481
-0.028143207
-0.8649606
-0.22790615
-1.3474878
0.91144294
-0.038272332
0.12543036
0.08639943
-0.08083891
1.2772521
0.32242158
1.3171155
0.056875788
-2.4275913
0.07211824
-0.38098773
-0.114752665
-0.61049837
-0.29068115
0.222845
-1.3321018
-0.50644284
0.6986632
-0.83309734
0.02764813
0.17772757
0.21511596
-0.39559808
0.007086762
-0.17985146
-0.62332207
-0.7495906
-0.019776607
-0.40321183
0.58239836
-0.79221016
0.07008724
0.37456977
-0.5072262
-1.2158728
0.7476956
0.0038247246
-0.23210242
0.03486349
-0.11197829
-0.32003343
0.018054107
-0.16768084
0.37479386
0.013107677
-0.2191204
0.033349145
0.35577416
0.6151884
-0.038235445
0.25773945
-0.50357985
-0.6874458
0.8316342
0.086585686
-0.5033977
0.5633442
-1.38725
0.59938943
0.84043705
-0.1920041
-1.2800612
0.6128853
-4.547149
-0.23499548
1.1591666
0.6579663
-0.08664569
-0.6729806
-0.8969653
-0.09317552
-0.23294759
-0.16946225
-0.14803566
-0.43712947
0.6598886
-0.27065802
-0.29767877
0.55698484
0.16544725
-0.6016846
0.14698294
-0.8050173
0.24163407
0.70353335
0.6749859
0.55420935
-0.2569155
-0.82081336
0.32527226
0.27787817
-0.95332307
1.0089802
0.5909529
-0.012156901
-0.9319236
-0.5035415
0.122269854
-0.015258391
0.93460846
-1.0204353
-0.3304708
0.24133877
-0.09735149
-0.40046993
0.60066175
-1.1931349
0.37297007
-0.06332101
0.38145214
-0.07826152
0.29770678
1.004344
-1.042015
-0.69914967
-0.0046028835
-0.5196536
-0.8743882
1.3393351
0.07849514
-0.113504045
-0.04837085
0.83251643
-0.11761758
-0.16504094
-0.42692536
-0.20837434
1.0388366
-0.84613675
0.019820482
-0.26426458
0.31083617
-0.59899735
-1.0215269
0.16979016
-0.4333268
0.26825386
-0.1019696
-0.32424802
-0.9421257
0.98299134
-0.54564583
-0.75092614
-0.53935987
0.43325338
-0.77639097
0.38781774
-0.94391626
-0.04270532
-0.16062935
-0.05854946
-0.93936974
0.32711074
0.833742
-0.37050998
0.027271539
0.97926515
-0.59861994
0.370207
0.511738
0.055197977
-0.25407594
0.6486189
-0.0887923
0.5342428
-0.08592102
-0.73026097
0.3024068
0.6021394
0.3400425
-0.18645287
-0.16018064
1.3422375
-0.020549744
-0.07172837
-0.11946604
-0.5368
0.38291064
0.2582537
-0.40690714
-0.072039425
-0.1524709
-0.95823514
0.08666343
0.11181678
0.50607485
-0.12889041
-0.16053283
-0.19000001
0.23975657
-0.24941818
0.12652712
-0.20051749
-0.12225284
