0.6263302
0.66967756
-0.09529253
-0.17611265
0.7584057
0.18113516
-0.6087834
-0.4129171
0.74793595
0.0049350765
-0.009440157
0.029717067
-0.2572513
-0.20217326
-0.23135209
0.15008035
-0.18872179
0.45249897
0.13569528
0.37312323
-0.96632403
0.39731634
-0.25951597
-0.39006796
-0.12277981
-0.12271899
-0.77117425
0.9795032
0.9855121
-0.50397426
-1.2815202
-0.47651353
-0.10753411
-0.58349353
0.8510523
-0.56370974
-0.33160898
-0.16537908
0.19730453
0.18649466
-0.40032977
0.30990294
-0.22511058
0.51002604
0.09323849
0.011213796
-3.0041802
0.44211525
0.7813718
0.47962043
-0.51854974
-2.5113726
-0.78453064
0.9240358
-1.0475552
0.5209022
0.27491862
-0.33945784
0.048778806
-0.45296064
0.4755738
0.17881612
0.13922164
0.7889881
0.008444082
0.40206695
1.1472654
0.12400546
1.0606729
0.63874334
-1.4747925
-0.037489887
0.29267833
-0.36744818
-0.54064405
0.27446494
0.2650297
-1.2938713
0.20346345
0.9429757
-0.064811565
-1.2693449
0.47752312
-0.10374099
-0.5088421
0.042259824
-0.31263673
0.37770814
-0.32795787
-0.5459082
-0.1957458
0.85792655
-1.0002095
-0.6355547
0.49646592
-0.26801002
-0.45129174
0.3226316
-0.71477634
0.21479805
-0.91867006
0.18593258
-0.6037238
-0.66342545
0.14839315
-0.06415943
0.9304916
-0.29375648
0.4630159
-0.26402563
2.6479092
0.73500377
0.012294483
-0.08175576
-0.46432948
0.8944537
0.49071044
-0.5302016
0.6760884
-0.3458983
2.3852253
0.56738335
0.051566344
-0.6817146
0.8641496
-2.6661587
-0.02686783
0.71199644
-0.3016235
-1.0154243
-0.28349048
-0.45883435
-0.85037553
-0.6695833
-0.334253
-0.5314457
-0.61174977
0.41790456
0.6030229
-0.2955966
0.57161975
0.32950848
0.30435538
0.0050552352
-0.044080954
-0.15346514
-0.11015782
1.1420708
-0.034196056
-0.45968512
0.43441886
0.52767026
-0.41228375
-1.0249612
-0.0601533
0.04275809
0.3322173
-0.8118758
-0.2535475
-0.56071967
0.076768294
0.32527214
-0.61656314
-0.72043836
-0.5693847
-0.41829887
0.26477423
0.96040356
-0.48608157
-0.20023155
0.27245522
-0.07494754
0.214971
-0.17768331
0.90541065
-0.6505311
-0.4519187
0.85507715
-0.057524543
-0.66982496
0.2697721
0.29038334
0.120745964
0.07011409
1.5620211
-0.11668865
-0.0061268103
0.54147804
-0.4793492
0.6099658
-0.4987867
0.2542256
0.02130033
0.11999695
-0.17441186
-1.3689636
-0.37253308
0.059085045
-0.3779049
-0.4267733
-0.49930838
-0.6551982
0.42319888
0.23157863
-0.9173997
-0.82883984
0.5156167
-0.49744067
-0.12140789
-1.2764877
0.95779943
-0.5129341
0.26186693
-0.62394124
-0.1301163
0.7277913
-0.6116829
-0.67154
0.12716854
-0.29008368
0.03771307
-0.12160973
0.85690796
-0.8004473
0.34028068
0.54900146
1.0025275
-0.06824368
-0.2154776
0.07953632
0.44993237
-0.021091603
-0.25568372
-0.20160186
0.47253084
0.06857459
0.7668806
-0.22842582
0.39810196
0.6377452
-0.067813255
0.13467997
0.29878807
0.6655462
-0.03613471
0.31620967
-0.34971794
0.26549435
0.54356927
-1.7552558
-0.83127683
0.4590282
0.14700916
-0.035625547
-0.19007163
0.2743392
