0.7852247
0.12143141
-0.42193422
0.60182726
-0.36660525
0.76801616
0.24250697
-0.9341195
-0.32891256
0.008242103
0.10958702
0.3365902
0.9002118
0.8137288
-0.005213819
0.2981348
0.5315043
0.62312293
0.23547694
-0.016674405
0.3703456
-1.5947058
1.0552902
-1.1059008
0.095325015
0.18090355
-1.0115635
-0.21379738
-0.93556947
-0.17522264
-0.7780849
0.053495936
0.24599104
-0.39086786
0.13962713
-0.4120299
0.24046296
0.7611502
0.21049163
0.81326914
0.12911585
0.5871423
-0.1492429
-0.13594088
-0.012705572
0.92241335
-2.050626
-0.37477976
0.5465186
0.15415278
0.05389918
-1.3890336
-0.8292709
0.27589917
0.7662563
-0.24844216
0.23030365
-0.68259037
-0.6428462
0.5620144
-0.5462375
1.4125175
-0.059325457
0.656553
0.016563186
0.63057166
-0.54138124
1.2445428
0.3255497
-0.07376949
-1.2589417
0.08188534
0.7229017
-1.311487
-0.41304833
-0.22181658
0.8548808
-1.3625227
-0.17960973
-0.21967147
-0.47400013
-0.054810517
0.42452487
-0.9275869
-0.79236585
-0.35324255
0.2530322
-1.144927
-0.5889378
-0.32319582
-0.5944163
0.42322287
-0.40681836
0.07757267
-0.45910454
0.33253413
-0.26454473
-0.077749185
-0.049927305
0.09750519
-0.42285812
0.78275424
-0.47265515
-0.45976123
-0.54336566
0.092116185
-0.72345144
0.8235256
1.4575541
-0.31452677
0.4855779
0.18174434
-0.035653014
-0.19205293
-0.12267159
-0.8163841
0.5041729
-0.32149062
0.47741956
-1.0817528
1.1833823
0.460298
0.06171059
-0.17568178
-0.34782204
-4.879242
-1.0595926
0.3664081
-0.117494814
0.29258662
-1.8135017
-0.27941954
0.34033713
-0.65426666
0.5307431
-1.1502768
-0.58887637
0.019633906
-0.036127318
-0.52273816
0.07919265
0.042848874
0.3592513
0.43112257
-0.7807857
-0.3736201
0.7771489
0.5840253
0.14081769
-0.121768035
0.081709355
-0.057638545
0.65924835
-1.1368473
0.706073
0.0037184414
-0.04584217
-1.484939
0.38682833
0.26727644
0.762236
0.6590854
-0.821738
-0.08844928
-0.6460481
0.23597452
0.4800946
-0.76574737
-0.7023006
0.4844571
-0.54246825
-0.60975856
0.07710123
0.14227605
1.4518517
-1.0552151
-0.25671297
-0.15267527
0.64978117
-0.49810874
0.226755
-0.19788738
0.62310386
0.012807523
0.77069414
0.47795644
-0.033069097
0.46003875
-0.24478748
0.56206065
-0.524459
-0.50501853
-0.5897299
0.33196875
-1.5947044
-1.1927102
-1.0608774
-0.8772134
0.5574913
0.18757933
-0.09159655
-0.80776286
0.28984648
1.0092413
-0.64048916
0.58921933
0.040146597
-0.18345322
-0.08901254
-1.1124668
0.59236157
-0.5101457
-0.40109137
-0.93846655
0.80112904
0.97085106
-0.32443976
0.005153128
0.22399361
-0.06447019
-0.4650847
0.5739587
0.2105436
0.24897398
-1.2996758
-0.16271819
0.08713311
0.19500655
-0.31296664
-0.62287164
1.0849682
1.6571486
-1.288546
-0.0077833426
0.86562455
-0.20292263
0.80395585
0.35544306
-0.60102665
-1.2461159
1.0537083
0.11159748
0.28022605
0.14625019
-0.5642847
-0.50261366
-0.16651528
0.97441554
-0.77894944
-0.39051032
0.29322726
0.19759683
-0.3033442
0.22788915
-0.17363867
0.07535634
