0.3391838
-0.47583255
-0.107140005
-0.5034173
1.1900897
0.057522785
-0.71244967
-0.12184884
0.13523792
-0.20159672
-0.4645785
-0.16742171
0.16772726
0.65171957
0.57589114
-0.04465978
0.081706144
0.44937548
1.0365082
-0.78810483
0.12518938
-0.36787766
-0.44319838
-1.3057715
-0.7428813
0.09336917
-1.3473846
0.35914555
1.1010582
0.0017046522
-0.8230077
0.29835507
0.59888935
-0.4433183
1.4523354
0.6479571
-0.44418558
0.6573248
-0.6074381
0.6172099
-0.7679569
0.120145045
-0.15173078
0.56812775
0.37522924
-0.014323311
-3.0727513
1.0555258
0.8711873
0.29635736
-0.3331379
-2.971079
-1.3897876
0.6972046
-0.683894
0.73397726
0.09973568
0.15832856
-0.78099567
-0.88883924
1.1850163
0.2643119
-0.51293516
0.047040332
0.012036435
-0.2850558
0.2556628
1.2191814
0.24384224
0.3707527
-0.8518997
-0.11245119
0.28527832
0.19096117
-0.095427275
1.2395941
-0.18269026
-1.6106646
-0.119024366
0.446001
-1.0103375
-1.2208027
1.0277388
0.18690203
-1.3585585
0.38540626
-0.3201197
0.19731922
-0.042097278
-0.3169302
0.30947518
0.8660587
-0.43971214
-0.38794622
-0.73649
-0.59337485
-0.54487586
-0.11971025
-0.30727106
0.09919294
-1.0384148
-0.009546568
0.099050656
0.13716972
0.75674486
0.09953715
0.49950454
-0.69739676
0.028309178
0.17304862
3.93149
0.49610853
-0.39989385
0.6677145
-0.74384356
0.2540697
0.24753584
-0.080747105
-0.06429521
-0.36135343
3.4256635
0.7311106
-0.045083772
-0.9215667
-0.2598259
-1.2241002
0.19631322
1.2612135
-0.93372667
-0.4758187
0.6744687
-1.2608638
-0.06477473
0.37304038
-0.1385837
-0.46530482
-0.4351419
0.3158291
-0.028594857
0.2794988
0.14215656
1.6021498
0.57149154
-0.17961521
0.022146273
-0.61704385
-0.03575477
2.2374468
-0.96690077
-0.0041581555
0.63128847
-0.20147604
-0.54828596
-1.1716759
-0.16761726
0.15635756
0.5608267
-0.36441085
0.11448113
-0.46131036
-0.11622633
-0.96604973
-0.69324857
-0.34529278
-1.1279508
0.39730588
0.7111328
1.1214086
-0.66504204
-0.30899763
0.365143
-0.8116176
0.026829788
1.5910267
0.97530335
-0.24101722
-0.27042827
1.5460303
0.43149543
-0.69690037
0.27691284
0.6632355
-0.15888086
0.04839235
1.7931398
-0.23346676
-0.95760435
-0.10721935
-0.223505
0.47484747
-1.2065645
0.4550229
0.4079481
0.22667149
0.43429533
-0.7304743
-0.8176544
-0.33820397
-0.24440569
0.2990728
-1.1327516
-0.63385963
0.48126674
0.92626107
-1.3525546
0.93831265
-0.40793967
0.17512451
0.37702823
-0.41310233
0.10173154
-0.429092
0.15412104
0.0053620613
0.038318835
0.595325
-0.4042404
0.3936194
0.602296
0.08718345
-1.0341055
-0.26073575
0.27469915
0.20732683
0.999677
-0.70271474
0.476846
0.18079929
-0.23608501
-0.102737926
0.15138812
-0.017730415
-0.085641704
-0.015362717
0.13464282
-0.3076397
0.60030454
0.29013965
-0.2077572
0.20440587
-0.119056724
0.40271744
0.94563746
-0.28771228
-0.1269989
-0.494235
-1.2261679
0.14943337
-0.6235062
-0.9070342
-0.2323348
1.4864872
0.64915764
0.51048225
0.08576999
0.21390718
