0.5708715
0.113802314
-0.5896287
0.06644861
-0.04033344
0.35582358
0.27505645
0.5267615
-0.25918707
0.36605522
-0.29843542
0.31306317
0.086535566
-0.48538628
-0.617462
-0.021301735
0.21469091
0.3746495
0.094971895
-0.14568722
0.20571466
-1.3526295
0.85567456
-1.0206159
-1.2891136
0.2622479
-0.5418424
-0.3960677
0.42542383
-0.20186941
-0.7937952
-0.40370542
-0.20427214
0.20656307
-0.05243058
0.28199425
0.20944123
0.5440408
-0.40186468
-0.40436584
-0.033099577
0.28559586
-0.5119467
-0.15861963
-0.29119325
0.4363617
-2.3131368
-0.3863947
0.84326047
0.1689802
0.24927531
-2.064775
-0.3674172
0.3005941
-0.03595665
1.0168962
0.33096668
0.19567466
-0.101056896
-0.9198325
0.3953538
1.0699638
0.39705026
0.65655506
-0.27269298
0.4132823
-0.5341827
0.8990714
0.36046442
0.22292243
-2.5097814
0.36936107
0.32723957
-1.5659043
-0.35509372
0.8996275
0.43995753
-0.8835867
0.34453222
-0.41440484
-0.07793472
-0.13526042
-0.46532306
0.60997313
-0.6322621
0.036534965
0.49006215
-0.71488947
-0.5711412
-0.52071095
-0.26346394
0.62582725
0.06669655
0.28666314
-0.8113271
-0.2029516
-0.39681458
0.23796295
0.104722045
0.60297686
-0.12883855
0.2499216
-0.3656542
-0.053512525
0.4718662
0.2649611
-0.040342327
-0.21297827
-0.02426694
-0.5850882
2.0035968
0.2398654
-0.20187712
0.4416751
-0.13422698
-0.2108684
0.9053356
-0.97062427
0.87081665
-0.62685317
1.3935812
0.3032789
-0.26279065
-0.1007055
0.4609759
-4.5265365
-0.04246049
0.14056735
-0.862142
0.10059705
-0.4170768
-0.821344
0.5841363
-0.5999487
0.33100575
-1.1027346
-0.4479746
0.5886146
-0.5912067
-0.31650743
0.7313325
-0.09351586
0.2217282
-0.2183023
-0.37345466
-0.4630868
0.9031305
1.2639118
0.2637597
0.3736517
-0.35449868
0.46933195
0.43099222
-0.9851875
0.41433772
-0.23485799
0.47232652
-1.03483
-0.40214118
-0.36615074
0.10118162
0.54456204
-1.0454532
-1.0386113
-0.8910794
0.11143952
0.6510493
0.46639234
-1.3965359
-0.5152547
-0.027517661
-0.51079863
0.7293739
0.2673417
0.5874435
-1.1574157
0.30432436
0.6943537
0.3732308
0.0118420245
-0.25213677
-0.2523666
-0.053137016
0.17724966
1.5400994
1.1275223
-0.12735061
0.3425643
-0.118745685
0.47403613
0.537857
-0.022005018
-0.73405933
0.28192163
-1.1165994
-0.88929576
-0.3751228
-0.26509273
0.21329765
0.9555933
-0.52297425
-0.6871564
0.8190153
0.36108452
-0.6642021
0.7538133
0.13894862
0.1541203
-0.24448462
-0.15458742
0.25496253
-0.10133033
0.058240034
-0.86519283
-0.404145
0.46399984
-0.01963424
-0.16210006
0.26783806
0.31014162
-0.35031986
1.2349309
0.71664816
0.01400688
-0.74674416
-0.44846106
0.37821195
0.3520573
0.09637345
0.5721337
0.3256303
0.95550317
-0.09401615
-0.48967543
0.0991344
-0.58713555
-0.08123998
0.50153834
0.10026627
0.07424678
1.0351195
0.7053383
0.33217055
-0.44955626
0.026122862
-0.6043397
0.07717987
0.71461767
0.20329872
-0.8493501
-0.20354922
0.32637978
-0.1337132
0.83734125
0.24375229
-0.013714353
