-0.10668187
-0.18521948
-0.09873833
0.18128254
0.85130423
-0.22319743
0.35392088
0.54573035
-0.48944277
-0.22502421
-0.27912048
-0.563872
0.27406025
0.124212116
0.13243876
-0.44082698
0.09334993
0.6977269
1.4282056
-0.36882702
0.53813905
-0.6324118
-0.07076092
-0.5616838
-0.15122604
0.7835267
-0.63235927
1.0057099
-0.21501784
0.22274339
-0.36468562
0.17131169
1.0057408
-0.043326076
0.32844636
-0.3732059
-0.27742684
0.6044169
-0.3343104
0.8558623
-0.10443
-0.012108543
-0.32390174
0.44305873
-0.19966757
0.18381917
-2.3307824
-0.08756431
0.45602977
0.48109958
-0.1623853
-2.3060968
-0.60406554
0.30874407
-0.531191
0.67443514
-0.18338436
0.48312432
-0.27072972
0.26959243
0.21710205
-0.01505376
-0.00967763
-0.28056693
0.35638332
0.1019166
0.19081353
0.80708426
1.307886
-0.34911013
-1.9721489
-0.6458065
0.3616176
-0.3661394
-0.62989
0.47293925
-0.57409555
-0.35470405
0.017400417
1.0169669
-1.1470395
0.3149611
0.3707754
0.49573597
-0.95101315
0.22743532
0.84520596
-0.79253805
0.20957668
-0.6994739
0.24557492
1.0085936
-0.6066442
0.18000567
-0.51754147
-0.24962166
-0.7973402
-0.08041475
-0.08633318
-0.071713544
0.32800397
0.17454953
0.4340303
1.0827627
-0.035691272
-0.025149336
-0.049158365
-0.32273594
0.34092805
-0.28429908
2.3532243
0.4605846
-0.6279669
0.69102174
-0.5284649
-0.091474384
0.15154083
-0.3776606
-0.13600945
-1.0616124
1.2637733
0.5415546
0.47466066
-1.2656993
0.22767739
-3.7402976
0.08527546
0.93779385
0.09768392
0.08154742
0.07612283
0.22409098
-0.026583305
0.08462798
-0.17932771
-0.14036429
-0.0079476535
0.19599226
0.44794023
-0.18569982
0.2417962
0.8385601
0.4893356
-0.30571476
-0.11561639
-0.6989298
0.029417405
1.6792991
0.2632694
0.08286969
-0.5753366
0.09984321
-0.37787676
-0.6087886
0.22006819
-0.48359612
0.35822248
-0.38537255
-0.24633296
-0.16828436
-0.37939948
-0.022185925
-1.7242118
0.20294036
-1.3351355
0.06348946
0.7578295
0.63307947
-0.7202417
-0.75432223
-0.009579384
-0.42847514
0.5942339
0.92515236
0.27576205
-0.1310587
0.46017414
1.0296763
0.206744
-0.39866713
1.0493684
0.49921036
-0.18888019
-0.4003615
1.5379318
0.17045194
-0.20155057
-0.314148
0.30105913
0.3974332
-1.2130855
-0.2576985
-0.31311297
0.23734042
-0.8087812
-0.7493572
-1.0322425
-0.22296375
0.01186952
-0.087733455
-0.05076177
-0.20076789
0.124824464
0.13522649
-1.147382
0.42745492
0.44580448
-0.66084814
-0.03458837
-0.55588424
-0.02208358
-0.0043905475
0.024898134
-0.8628788
0.18525875
0.30105636
-0.124358006
1.2406256
0.7349859
-0.5126883
0.009614527
0.94878036
0.23049334
0.10783111
0.18185833
-0.9552408
0.5975376
0.3841327
-0.31350222
0.32827222
0.91577756
0.6305899
0.13352096
-0.84634566
0.8559156
-0.09217879
0.26216945
-0.3724483
-0.20235322
-0.08502996
0.3739716
-0.06713546
0.6004733
-0.4073307
-0.94373196
-0.54844964
-0.0050851163
-0.12604757
-0.16477418
-0.13145567
0.30692947
0.92378706
-0.3201081
-0.042324007
-0.12278851
0.43712157
