1.053495
0.41531846
-0.25451037
0.52561706
0.5363731
0.64892167
0.025940716
-0.32794654
0.4299019
0.521808
-0.8938128
-0.6269521
0.039365485
-1.1295025
-0.24811326
-0.52878445
0.08268565
0.6612032
-0.6773285
-0.3470309
-0.5096977
-0.487682
0.26685688
-0.77939767
-0.033409107
-0.41077453
-0.35236654
0.46702442
0.56775135
-0.9009237
-0.59807855
-0.36869213
-0.5565966
0.11317307
0.2635765
0.19036308
-0.06477772
0.47055268
-0.9391567
0.444797
-0.84847397
0.2742865
-0.6164463
0.59926546
0.2805234
0.60668373
-2.9955282
1.0434308
0.37410304
1.0503644
-0.23937713
-1.8888572
-0.321412
0.27452767
-0.32952076
0.12796599
0.5589017
-0.54988784
-1.539874
-0.5112489
-0.36046544
0.7848853
-0.086465314
1.0603064
-0.30306682
-0.111771025
-0.06506198
0.9360402
0.28340438
0.3197432
-1.4313873
0.60538495
0.33024046
-0.58677274
-0.041625015
0.29153794
0.50842965
-1.287392
-0.4923083
0.6355449
0.39530545
-0.38590395
-0.1437131
-0.26834255
-0.7061368
0.3336067
-0.01937314
0.31917477
-0.5523448
0.27594677
-0.27772775
0.33775777
-0.011622639
-0.081845246
0.021044202
-0.37547845
-0.60675424
-0.2210582
0.6249847
-0.25696802
-0.3181007
0.27028212
-0.9067902
-0.9633419
-0.20831144
0.737297
-0.22422317
0.38002282
0.12801147
0.26318222
0.79472476
-0.31632385
0.17966604
0.24162737
-0.026254728
-0.085257076
0.7530997
-0.15339725
0.5015117
-0.6200629
1.5461978
0.88666743
-0.35676956
-1.042956
0.82856673
-3.951145
-0.21921675
0.75980157
0.0648566
-0.5686745
-1.9934857
-0.8269206
0.3055875
-0.5798532
-0.26289403
-0.67181283
-1.3995533
0.33723745
0.34080955
-0.3645814
0.5105169
0.20717192
-0.26359773
-0.048571255
-0.29174384
0.020717885
0.785594
0.5738263
0.07116375
-0.08502386
0.16020696
-0.5190869
0.10334589
-0.5975048
0.3635533
0.31490907
0.0055526136
-0.8595826
-0.14826791
-0.15917386
0.4809701
0.18561159
-0.39046535
-1.4768652
0.0138385445
0.6523809
0.055256356
0.23348475
-0.1710881
0.76228744
0.074952714
-0.10422974
0.04096591
0.27886865
0.76805604
-0.25034294
0.32114735
0.39309022
-0.13128333
-0.93849546
0.3854234
0.018028703
-0.13105932
1.0226814
1.0308471
0.407298
0.31838176
0.114515655
-0.23668456
0.3605449
-0.09456932
-0.08539057
-0.40946752
0.01579756
-0.7460889
-1.323816
0.22747353
-0.86329836
-0.3177912
0.10943413
-0.75464594
-1.034179
1.4902534
0.16508964
-0.03884081
-0.29481173
0.70881045
-0.32085338
-0.62855166
-1.0313267
0.31169137
-0.73936445
0.2676675
-0.45209083
0.2747754
0.45783207
-0.41114584
-0.86719817
0.044737387
-0.011188324
0.47333714
0.4050226
0.10408876
-0.32966492
-0.05359465
0.30532286
0.0027979345
-0.40651375
-1.029647
0.13029335
0.67036504
0.7222786
0.26183292
-0.010444946
0.42272767
-0.11317587
0.08647505
0.024794364
-0.37139544
-0.75276023
-0.11802895
-0.65958613
-0.32579848
-0.17670071
-0.021347435
0.26201126
0.31551027
-0.6464516
0.032451946
-0.81162196
-0.21669284
0.82138777
0.25796506
0.22613855
-0.6234532
-0.17881912
