0.67999244
-0.0702818
0.004937187
-0.3516228
0.20165658
0.12402828
0.30786538
-0.08585618
1.071496
1.3689693
-0.02392548
0.4446701
0.21138354
-0.050312795
-0.42516413
-0.17139849
-0.20935598
0.20657507
-0.03174959
-1.4919837
-0.0024319037
-0.850612
0.45292863
0.31413466
-0.26173505
-0.10869694
-0.7307002
0.55503494
0.19213884
-0.50807124
-0.6393382
-0.2289331
0.2749087
-0.1701329
0.2158008
-0.18934095
-0.35982516
0.7114753
0.6395597
0.777935
-0.71050435
0.25510558
-0.7480869
0.033180322
-0.17481485
0.5060578
-2.319645
-0.32155666
0.043555837
0.8175518
-0.029677445
-2.3329484
-0.54450303
0.46133447
-0.42475638
0.87275183
0.61659086
-0.23848644
-0.7674212
0.34928185
0.4716477
-0.6989812
-0.0342012
1.1317278
0.28414065
-0.036050558
-0.61766523
0.60473436
0.11208681
-0.2655673
-1.5146317
0.8859469
0.9127594
-0.8595458
0.017486716
-0.5651557
0.30223355
-0.62057555
0.7517207
0.8852429
0.93008894
-0.0061948113
0.15154679
0.21031816
-0.14847437
-0.33718657
0.6987118
-0.1401424
0.26124483
0.026226172
-0.3254051
1.0934696
0.24573171
-0.2795742
0.4437883
0.1884532
0.36493596
0.57705253
0.055866875
0.021042889
0.34314853
0.6102272
0.26987645
0.09651681
-0.115702294
0.82938737
0.049026277
-0.12412975
0.08734097
-0.55235356
0.06522198
-0.61570334
-0.03673507
-0.5016729
0.19803555
0.001778318
0.8858537
-0.1598135
0.69478244
-1.4565527
0.9827073
0.5069847
-1.0894468
-0.559268
0.4772017
-5.1474624
0.6893933
-0.06174135
-0.10763748
0.22389136
-1.6653038
-0.6257646
0.7056969
0.060243856
0.22355643
0.14080335
-0.45789114
0.2130544
-0.008119674
0.25864068
0.60526985
0.7801217
0.95375437
0.106108665
0.119763374
-0.27114055
0.46292743
0.4132718
1.227511
0.25375995
0.26389003
0.3885996
-0.2727116
-1.3882458
-0.5907003
-0.15887442
0.41864043
-1.2360198
-0.44880676
0.0062656202
0.5732888
0.6535517
-1.0608124
-0.43822145
-0.6458003
0.30291775
0.28890908
1.6011542
-0.5290659
0.16933696
0.8333557
-0.30132654
0.0886951
0.9889353
0.2990724
-0.3351024
0.13415907
-0.32553235
0.48992157
-0.7819784
-0.47578317
0.7195072
-0.7767168
0.37479457
1.129123
0.54365623
0.6537795
0.20670234
-0.3789808
-0.00726434
-0.45761177
-0.74677384
-0.05012498
-0.17763261
-1.8902711
-2.296625
-0.52690107
-0.41404495
-0.13766538
-0.32861307
-0.70395005
-0.88370055
0.6317188
0.55695003
-0.12676333
0.17370848
-0.3323983
-0.656588
-0.5146209
-0.20835157
0.6969682
-0.9857063
-0.32751533
0.19234394
0.21666108
-0.25089535
-0.49165803
0.040396255
0.55688375
0.13944355
-0.29328087
-0.038007047
0.51248735
0.064419754
-0.86767864
0.5632208
0.057331692
-0.16162066
0.55294687
-0.28149858
0.06511312
1.0602087
-0.37739134
-0.09159275
0.31266436
-0.051778313
-0.03650377
0.44665036
0.38422984
-0.34950894
0.5263433
0.7476133
0.07434255
-0.035982624
-0.33272597
0.068705045
0.031491835
0.3116485
-0.7050807
-1.0746377
-0.06425585
-0.4424502
0.075287424
0.5643822
-0.00668985
0.23851793
