0.79326504
0.014906186
0.044674866
0.38363016
0.28391275
0.008924067
0.012957285
-0.8577375
-0.15249713
-0.6819917
-0.6126694
-0.10402353
0.0770925
-0.11455597
-0.1167617
0.7465834
0.5875144
0.6074473
0.80449307
-0.10140002
0.38986763
-1.0788528
0.59715503
-0.49528456
0.12119875
-0.39401525
-0.18414383
0.25654933
0.2191556
0.51450175
-1.5609182
-0.11111224
0.30773005
0.31442443
0.35182032
-0.3382399
-0.46765548
0.1719799
0.12263121
0.5895369
-0.062007066
-0.42022467
-0.4350388
0.5950028
-0.8101722
0.7489911
-1.8154773
0.52686286
0.36507303
0.6057006
-0.55852276
-1.3331603
-0.24367289
0.5473897
-0.0018967598
0.26695305
0.15789583
-0.72895825
-0.5754477
-0.124182
-0.26545572
0.2754167
-0.05300119
0.83473176
0.18581647
-0.30408654
0.21167134
0.26154265
0.8319389
0.06791424
-1.84009
0.3776377
0.28456813
-0.87050116
-1.2934812
0.5906177
0.19796821
-0.6920425
-0.0373682
0.8363964
-0.52662545
0.17291759
0.031272117
0.39810422
-0.7613218
0.36859202
0.6340349
-0.5819071
-0.27965227
-0.56003684
-0.8203168
0.7199945
-0.16500445
0.01708545
-0.60199165
0.17305073
-0.5747537
0.0072421776
0.6047306
0.23440818
0.41937923
0.27467337
-0.7614655
-0.12881993
-0.17384273
0.03247605
-0.52843314
0.18677229
0.15745902
0.17911951
0.6065214
-0.3053732
0.3513674
-0.055756688
-0.07671036
-0.40175468
-0.3316044
-0.6163792
0.8452077
-1.0084984
1.0123689
0.22961847
-0.37534314
-1.030818
0.61447144
-4.7516265
-0.026317403
0.16918841
0.39017323
0.10800636
-0.5640274
-0.4892172
0.48173365
-0.670529
0.26108286
-0.44476303
-0.5051839
0.26009798
0.5043196
-0.20810135
0.44759083
0.09252701
-0.38143715
0.10219753
-0.7219631
-0.9777897
-0.29972717
1.141505
0.4584684
-0.048716716
0.3868558
-0.4162858
-0.18752483
-0.94907933
0.34611937
0.033924352
0.7429454
-0.9510099
-0.20307036
-1.2462116
-0.103537835
0.43234664
-0.6935584
-0.6897074
-0.0048748674
0.65440285
0.5123202
0.14775169
-0.62014747
-0.09499868
-0.025223238
-0.42317772
0.13762833
0.5532427
0.7103778
-0.4291132
-0.16926341
0.051383253
-0.43515387
-0.23280366
0.08864968
-0.17852686
0.051468294
0.026264554
1.2846038
0.42152452
-0.051687546
0.3288847
-0.030743614
-0.6639768
-0.26509365
0.24050434
0.27830067
0.086462915
-0.75814354
-1.6806672
-0.3296587
-0.40279537
0.29440483
-0.48244658
-0.16737969
-0.26569626
1.0404767
0.20381828
-1.0541205
-0.02761257
0.40920517
-1.1917065
0.027798686
-1.0656518
-0.044695973
-0.7461576
0.37128055
-0.4202032
0.1815605
0.89651537
-0.36806965
-0.2935265
0.25709662
-0.48416695
-0.23070072
0.11098602
0.756735
-0.32863238
0.19635718
0.13596225
0.1866695
0.2581124
-0.26609433
0.06674357
0.85677797
0.9977645
-0.45493755
-0.9428689
0.7867196
-0.3199474
0.18437727
0.5916168
-0.55796015
0.12583782
0.50248975
-0.5187852
-0.06927057
0.31890112
-0.65023345
-0.24877553
0.11626203
0.56315196
-0.08539192
-0.5095157
-0.9213436
0.0125115095
0.22415347
0.44019118
-0.26537088
-0.33390716
