0.9922325
-0.66746116
0.3381434
0.63588303
0.43961784
-0.420296
-0.07317607
-0.64583105
0.22988053
-0.7209447
-0.93020123
-1.3525653
-0.32876262
-0.33114925
-0.53207344
-0.39064178
1.1064777
0.56763643
0.7346458
-0.5879967
0.61830294
-0.24322577
-0.056048777
-0.6741974
0.043894686
-0.21348849
-0.14641263
0.066686295
0.81900084
-0.22110787
-0.114166856
0.10378518
0.14442544
0.33167318
0.9254574
-0.13375853
-0.31871745
0.87449616
-0.6119626
-0.03782509
-0.21747716
-0.5790933
0.044558633
0.23570155
-0.3834574
0.33941737
-2.1964743
1.2046306
-0.07295574
0.5498182
-0.5113064
-1.4949335
-0.1528449
0.4223003
0.12114971
0.70897573
0.6216955
-0.58790535
-1.5035634
0.61055225
0.5396201
-0.054287363
0.095673166
0.5560126
0.28077012
-0.3343042
0.04403013
0.33555743
0.5739482
0.51711386
-1.4436651
0.38854134
0.17816949
-0.10313711
-1.0399145
0.80072844
-0.38981265
-1.3552803
0.07125497
1.1237472
-0.87017393
-0.15257864
0.3841758
-0.14810967
-1.3283886
0.52435577
0.10594135
-0.037727263
-0.15266411
-0.542112
-0.7577403
0.6137871
-0.5281796
-0.20169869
-0.8019864
0.70984
-0.5595027
0.07591864
0.20719726
-0.24150138
0.3921362
0.68963104
-0.83667356
-0.7736799
0.025696596
0.6021329
0.29512572
-0.20618938
-0.33189735
0.1719101
1.695653
0.27313873
-0.16913724
0.33871892
0.16672772
-0.4413193
-0.04128767
-0.73129493
1.3119252
-0.62012225
1.1374608
0.5020038
-0.5381145
-0.7810244
-0.10751535
-3.6338756
-0.066431075
0.35288867
-0.19306879
-0.5351183
-0.19139172
-0.021532321
0.14259113
-0.051689185
-0.29318416
0.18099599
-0.088084534
0.22102948
0.52044827
-0.28696012
-0.081156395
0.8511597
0.38987455
-0.17056277
0.15613683
-0.35727888
0.0002456151
1.8104671
0.027915968
0.3283332
0.52484816
-1.0157553
-0.38559332
-0.23751235
-0.23290782
-0.028950308
-0.21412027
-0.8093085
0.17423163
-0.51058453
0.047151294
0.011405453
-0.9139814
-1.0357137
-0.07632404
0.75606436
0.8467712
0.31116357
-0.68121153
-0.718653
0.1056323
-0.16319974
0.1161798
1.0861595
0.54036146
0.48550597
-0.30242738
0.45052406
-0.34780145
-0.679769
0.20345962
0.14457749
-0.3115636
0.12910587
0.8426302
0.3988905
0.016888201
0.45104772
-0.08168178
-0.36485848
-1.1237236
0.102572754
0.5487108
-0.073855236
-0.6137256
-1.2660757
-0.5092535
-0.24348655
-0.35756513
0.017844358
-0.8117161
-0.84154856
0.77774847
-0.09964204
-0.5522226
-0.37292513
0.18874036
-0.5851976
-0.2757307
-1.1657963
0.3351776
-0.31315014
-0.40906915
-0.44834456
-0.15540098
0.32474476
-0.22668985
0.019688763
-0.19202872
-0.94907916
0.048096325
0.20820773
0.070318066
-0.04245951
-0.1090822
-0.28422132
-0.32771417
0.37270308
-0.54376996
0.2364769
0.5897458
0.3244032
-0.44235197
-0.48389474
1.1202374
-0.618619
0.21698721
0.4735789
-0.48861513
0.5304473
0.4335125
-1.0628213
-0.24940567
-0.4483188
-0.7081006
-0.31877467
-0.10292607
-0.16069332
-0.32962212
-0.46275935
-0.70158374
0.2889391
0.66220886
0.18684871
-0.33508873
-0.001950711
