0.5148923
-0.057769712
-0.34444684
-0.06228485
0.6595606
-0.005317521
-0.12174487
-0.64103496
-0.4132181
0.22443885
-0.5218545
-0.022140672
-0.19250889
0.25863782
0.108450145
0.4462954
0.19063395
0.44710213
0.3568531
-0.32934803
0.7776001
-1.1456693
0.3366974
-0.4457524
-0.5013538
0.08110579
-0.79130125
-0.3791674
0.7985328
0.5937877
-0.96008015
0.10847165
0.3950321
-0.34869492
0.24109042
-0.31653652
-0.07991325
-0.4730375
-0.09911511
0.6080903
-0.35355374
-0.037509102
-0.27564767
0.45938173
-0.77133083
0.17869554
-2.3908374
0.3082381
0.72464055
1.4249734
0.6880293
-2.601245
-0.78092194
0.22150043
-0.18623032
1.0138934
0.12544377
0.018497614
-0.48269057
-0.102276385
0.03419131
0.5303406
0.60092276
0.2900675
-0.03728484
-0.17517862
-0.4050451
0.48746538
1.2691772
0.13135143
-2.1607995
-0.76524144
0.48375806
-0.88437545
-0.35777426
1.2719246
-0.25610933
-0.28533092
0.025301456
0.34750286
-0.11413035
0.18943433
0.38407773
0.13841324
-0.8798785
0.20807867
-0.61091286
-0.6107789
-0.28342932
-0.7159561
-0.13604045
1.0296184
-0.17917974
0.5516214
-0.18996157
-0.39199483
-0.3752074
0.411479
0.5462219
-0.12774648
0.31258422
0.24698327
-0.102371335
0.74609727
0.58039045
0.2232716
0.038477015
-0.094184935
0.013589125
-0.11874005
1.6017191
-0.40461516
0.1964701
-0.1537774
-0.13925181
0.075067654
0.80154645
-0.48308468
0.064531334
-0.5759071
1.351042
0.346798
-0.38349673
-1.3757926
0.45437962
-3.7237248
0.22119352
0.09183818
-0.1693136
-0.047338888
-0.22618496
-0.8776382
0.58830696
0.4819721
0.4135723
-0.35969964
-0.88040745
0.131817
-0.4190522
-0.4103971
0.7253028
0.07343999
0.6726157
-0.16732386
-0.5395997
-0.9311834
0.19484419
1.2459049
-0.15020749
0.20443912
0.38878512
0.32333022
0.08993169
-0.7804763
0.2545651
0.48029363
0.44119868
-0.376807
0.59807694
-0.29307225
-0.34082094
0.46009922
-1.023584
0.3140247
-0.7361101
0.35792977
-0.16713119
0.30558527
-1.4804808
-0.9856878
0.51462674
0.08814603
0.700657
0.014806317
0.7558842
-0.5823949
0.103626214
1.0083051
-0.37679568
0.40627477
0.023912912
-0.32048073
-0.20949867
0.16283987
1.2176749
1.2765168
-0.37177408
-0.17612053
0.1030894
0.03931696
-0.93826056
-0.47465786
0.43147856
0.24889791
-0.6281606
-0.28078914
-0.82359284
-0.19015455
0.21986741
0.19959062
-0.6866157
-0.7993518
0.8861726
-0.2565975
-0.4352866
0.50504017
0.34112337
-0.33465457
0.5813375
-1.2418855
-0.64495206
0.32802662
0.17121224
-0.7748863
0.17719749
0.745677
0.12539601
0.4292425
0.9308281
-0.857079
-0.114513986
0.91673595
0.43321416
0.26642457
-0.35601646
0.027654508
0.9125082
0.06980834
-0.8118474
0.1591969
0.4568013
1.0210887
0.124556914
-0.63172394
0.97502154
-0.35572538
-0.58318424
-0.28392506
0.042269032
-0.41327947
0.82693803
-0.35520977
-0.05958073
0.41130942
-0.8713563
0.557943
-0.018873729
0.3736985
0.025258742
-0.4757961
-0.02022584
0.35316622
0.015430611
0.41542897
-0.26990974
-0.7852413
